0.0033400448509823518 0.003668213774610108 0.007008258625592459
0.049999999999999996 0.002422738892778126 0.05242273889277812
0.049999999999999996 0.0024984896220121115 0.052498489622012104
0.05 0.025 0.07500000000000001
0.05 0.002692169540229885 0.052692169540229886
0.044751664799218244 0.0031630959206273186 0.04791476071984556
0.04728988090677569 0.006506201737875603 0.05379608264465129
0.04674169940175704 0.007327161682367868 0.05406886108412492
0.045428206359037826 0.01130894628612722 0.056737152645165045
0.05 0.025 0.07500000000000001
0.047468679818478784 0.00988245501260475 0.05735113483108353
0.044919978249985615 0.009853448964253827 0.05477342721423944
0.00882332191386197 0.03231737672198797 0.04114069863584994
0.021036269355179413 0.0021246315460416833 0.023160900901221096
0.0021602046111037993 0.0073053540672078044 0.009465558678311604
0.01907620571335107 0.016167585334894725 0.0352437910482458
0.030564936677140775 0.024325552021980786 0.054890488699121553
0.026131617443910436 0.02145570852285023 0.047587325966760664
0.042499999999999996 0.0004450324238493335 0.042945032423849325
-0.0001868042283803148 0.0014935854230359903 0.0013067811946556756
0.007782375861728593 0.018066476772919855 0.025848852634648447
0.007405826216337172 0.015837405709823 0.023243231926160176
0.011097317501865388 0.023497594907644796 0.03459491240951018
0.012434752093130075 0.010305967824278525 0.0227407199174086
0.03731088197523543 0.00891233733596198 0.04622321931119742
0.022261008899306798 0.015831636513924646 0.038092645413231443
0.0409090909090909 0.009250913189649507 0.05016000409874041
0.008298565965406922 0.003984934025899765 0.012283499991306688
0.010184940821319797 0.01650352148969702 0.02668846231101682
0.0026274276464457406 0.007704211664712077 0.010331639311157818
0.016687598798755227 0.014253153685899269 0.030940752484654496
0.0033185659926676437 0.0030688415813782824 0.006387407574045925
0.020934332761390523 0.02179336512816511 0.04272769788955563
0.039058973787539614 0.026671232803325236 0.06573020659086484
0.03433801840064964 0.012927869490003121 0.04726588789065276
0.011019158057934535 0.017293355980366666 0.028312514038301203
0.0035021837417325164 0.02731097074770104 0.03081315448943356
0.00234126721134353 0.013389156484962406 0.015730423696305937
0.0475 0.008066903855840583 0.05556690385584058
0.012733192068485676 0.020539404550494092 0.03327259661897977
0.001313845009157509 -0.00011152063715503327 0.0012023243720024758
0.044375 0.015301980483507699 0.05967698048350769
0.008445588786213787 0.009686493808049536 0.01813208259426332
0.01400973719297583 0.01703010226605623 0.031039839459032062
0.008154039931028569 0.019149077017667392 0.02730311694869596
0.0475 0.007831550945383934 0.05533155094538393
0.011782169143973698 0.02279832306136773 0.03458049220534143
0.016169321849443617 0.015524051284401088 0.0316933731338447
0.02001531199374983 0.012835460292461305 0.03285077228621114
0.004564103680482991 0.0038521845105264825 0.008416288191009473
0.014310878619991904 0.030822074462611405 0.04513295308260331
0.045010416666666664 0.022510416666666665 0.06752083333333334
0.045718005952380944 0.009053731045766733 0.05477173699814768
0.03640392482402792 0.023799789406612152 0.06020371423064007
0.0073029857057882565 0.003293406853520521 0.010596392559308778
0.02611268259388156 0.02593286047190801 0.052045543065789575
0.006005665999041494 -4.94563309664197e-05 0.005956209668075074
0.003924013671332763 0.025309027777777774 0.029233041449110535
0.006706274672007431 0.0024507304446539243 0.009157005116661355
0.02349854881371113 0.016686444559838465 0.040184993373549596
0.005040374686358777 0.015391344301782045 0.02043171898814082
0.045527436834942446 0.0078112249328692 0.05333866176781164
-0.0001917105683269478 0.0019280451268502738 0.001736334558523326
0.005916282928563914 0.026635920680818468 0.03255220360938239
0.01874048518174631 0.018105272474603563 0.03684575765634988
0.02809227803813441 0.035741229508074956 0.06383350754620937
0.002535082391923886 0.008009440352754506 0.01054452274467839
0.0008145146520146522 -0.0002301319067326106 0.0005843827452820416
0.009970852045109568 0.014817600310840676 0.024788452355950244
0.026956695939384094 0.01925881410977489 0.046215510049158984
0.003413137455557012 0.007235829901580324 0.010648967357137336
0.006974141106983847 0.03396380403925979 0.04093794514624364
0.004267205072004491 0.014690300932961205 0.018957506004965693
0.00035496031746031707 -0.00019110103118965654 0.00016385928627066053
0.029547771812257016 0.019973024462776566 0.04952079627503358
0.0475 0.008131604593591824 0.05563160459359182
0.04529714209401709 0.018942528102879663 0.06423967019689676
0.033678016220788726 0.04000294583258698 0.07368096205337571
0.0013459235209235213 0.007162494408910145 0.008508417929833666
0.03353623821689301 0.02329271825997769 0.05682895647687071
0.029046921318654103 0.025020871617459944 0.05406779293611405
0.010657264969816367 0.009195918897241652 0.01985318386705802
0.01274832300021315 0.029475062422743056 0.04222338542295621
0.011828801817262665 0.0057506136157035445 0.01757941543296621
0.0475 0.0085795520618295 0.0560795520618295
0.0036046162349342562 0.0022213006226532435 0.0058259168575875
0.008536755952380954 0.004514232024210312 0.013050987976591266
0.011970179525136421 0.002416075285322627 0.014386254810459048
0.027184726176780975 0.016525332568104366 0.043710058744885344
0.03690257636922287 0.01067616682244411 0.04757874319166698
0.004450757575757577 0.004330100574712644 0.00878085815047022
0.008869752383959362 0.01165762322751348 0.02052737561147284
0.025990660539372917 0.01944496619940774 0.045435626738780654
0.02961225654684427 0.010990299977432439 0.04060255652427671
0.009783435592071605 0.019111948350913514 0.02889538394298512
0.049999999999999996 0.013727383186976685 0.06372738318697668
0.04524791666666666 0.027499999999999997 0.07274791666666666
0.004272916666666667 0.003038194444444444 0.007311111111111111
0.034712421678323585 0.012595328629613638 0.04730775030793722
0.04063816928993636 0.036775934813276547 0.07741410410321291
0.03600140053267246 0.040704899420096835 0.07670629995276929
0.004042361284548785 0.022321354166666665 0.026363715451215453
0.008075563659951783 0.020961571049223558 0.02903713470917534
0.028104542842330854 0.03048614776897065 0.058590690611301496
0.02246890617551324 0.014636255860253642 0.03710516203576688
0.004327449633699633 0.008973536882125743 0.013300986515825378
0.0147466032444065 0.01939182393741272 0.03413842718181922
0.004289993258730373 0.018784496651224593 0.023074489909954966
0.04227941176470589 0.0021976055267599556 0.044477017291465845
0.007862857282415796 0.0184988294138935 0.026361686696309294
0.019258211320232543 0.028311261162096465 0.04756947248232901
0.0353649776937822 0.044990229886992944 0.08035520758077513
5.0695016788766525e-05 0.001367329529129101 0.0014180245459178675
0.04573023106812169 0.020897886227508135 0.06662811729562983
0.0016515582003013912 0.032937793527439224 0.034589351727740615
0.00801246408045977 0.0016575415666951455 0.009670005647154914
0.05 0.025 0.07500000000000001
0.039595593450570475 0.04410174585817571 0.08369733930874618
0.0006540367818648152 0.03528496463366625 0.03593900141553107
0.018891880686159115 0.016375376297567336 0.035267256983726444
0.03202309169775558 0.035248197417887144 0.06727128911564272
0.049999999999999996 0.024999999999999998 0.07499999999999998
0.019998462040514572 0.020161294142984666 0.040159756183499234
0.000554970464527789 0.0019873609246959635 0.0025423313892237527
0.0025644064269064273 0.0025008147289092312 0.005065221155815658
0.021664700554992197 0.014084472441496132 0.03574917299648833
0.009039915451983507 0.023241806864528217 0.032281722316511725
0.0027067169540229896 0.022391666666666664 0.025098383620689658
0.029091429418095848 0.034024189707639034 0.06311561912573488
0.0035614562018891215 0.016138487534953037 0.019699943736842158
0.0044657782319151625 0.016120214372119853 0.020585992604035014
0.028480233348213684 0.0346571602775192 0.06313739362573288
0.03085870456292892 0.012443084006098207 0.043301788569027125
0.030048389930474335 0.015627715648605718 0.04567610557908005
0.03504585832484154 0.007311803264492998 0.042357661589334544
0.024128045427469217 0.02333650274329063 0.04746454817075984
0.045087499999999996 0.022587499999999996 0.067675
0.004158988342174959 0.014307209685446754 0.018466198027621714
0.009396286005661007 0.0022916065867645344 0.011687892592425541
0.010383864899586865 0.0028008636095853945 0.01318472850917226
0.017765043680919215 0.016795756559109084 0.0345608002400283
0.0025456600329647203 0.0030496629438925946 0.0055953229768573145
0.049999999999999996 0.024999999999999998 0.07499999999999998
0.0475 0.008366671798906 0.055866671798906
0.011644076450038463 0.019708477597663452 0.03135255404770191
0.04559300595238095 0.027499999999999997 0.07309300595238095
0.01964518151959157 0.01704314117551643 0.036688322695108
0.003020089285714286 0.014663871120073568 0.017683960405787853
0.025841426761823803 0.022331917689794787 0.04817334445161858
0.04095410441103424 0.047499216846063695 0.08845332125709794
0.01461103284681893 0.03519623596756232 0.04980726881438125
0.0008523619093231156 0.0009102180174022402 0.0017625799267253558
0.014807549678407382 0.026243541719465125 0.041051091397872504
0.009508482020705254 0.019994440752725134 0.029502922773430387
0.0244979959312157 0.020887664043273385 0.04538565997448909
0.023193905924905316 0.01702563462246047 0.04021954054736578
0.023302614931520416 0.020297206094141342 0.04359982102566176
0.049999999999999996 0.0047019572157042215 0.054701957215704214
0.033554371730743264 0.02181251859622667 0.05536689032696994
0.022642320384657293 0.024681615209995476 0.04732393559465277
0.008658367673992673 0.0027420494225005964 0.01140041709649327
0.04021349545849933 0.04110513860940694 0.08131863406790626
0.01795833333333333 0.02144122023809523 0.03939955357142856
0.009096576232486487 0.018376942618524603 0.02747351885101109
0.01905452739961295 0.030276423619341505 0.04933095101895445
0.024245110797298648 0.022327990211594283 0.04657310100889293
0.003373922952047951 0.003981897688896286 0.007355820640944237
0.007545060668498168 0.001938251993525985 0.009483312662024155
0.02806431889169629 0.018387349832456386 0.04645166872415268
0.01331545138888889 0.007831550945383934 0.021147002334272823
0.03660979664788012 0.011931658564579974 0.04854145521246009
0.006420966514586089 0.023873610528795115 0.030294577043381204
0.049999999999999996 0.004980987568261417 0.054980987568261405
0.012635971389367897 0.03269305747034737 0.045329028859715265
0.03280085476437631 0.018104991544335595 0.05090584630871191
0.01836939524575549 0.017215731644203577 0.035585126889959066
0.029072349037575176 0.0062758874866869025 0.03534823652426208
0.007772447768281102 0.0020735691246914515 0.009846016892972553
0.029861247425667044 0.027903254713623607 0.057764502139290644
0.03202029834707809 0.015238995146916965 0.047259293493995054
0.0018190972222222217 0.024186093407103797 0.026005190629326016
0.0455924239279116 0.007305081509446118 0.05289750543735772
0.023652660708091397 0.026023679696828405 0.049676340404919805
0.004256358745421246 0.027499999999999997 0.031756358745421244
0.03151122032480578 0.005238384939662373 0.03674960526446815
0.024788166826152053 0.024963356833873917 0.04975152366002597
0.002680854086845466 0.0076246303210549355 0.010305484407900401
0.041808081183781105 0.04547424080257733 0.08728232198635844
0.0006003376080247665 0.009397582558565966 0.009997920166590733
0.01255406518828137 0.037270723064279906 0.04982478825256127
0.018420449977962088 0.021146806626099312 0.0395672566040614
0.011346812756608607 0.02353083093363645 0.034877643690245055
0.0024068214473156983 0.03326286993579532 0.03566969138311102
0.011978432327991678 0.0241075132220909 0.03608594555008257
0.04479938005596116 0.047420624965421536 0.0922200050213827
0.009012127029366445 0.018159225932200665 0.02717135296156711
0.003753894201964962 0.030436437558537508 0.03419033176050247
0.0007952953296703292 0.0001928500907394149 0.000988145420409744
0.0348417733041653 0.038520827348599095 0.0733626006527644
0.04236670765046251 0.044934429153943835 0.08730113680440635
0.0475 0.008574180117157035 0.056074180117157035
0.003961170977011495 0.006714978158749221 0.010676149135760716
0.049999999999999996 0.0029510547901000057 0.052951054790100004
0.009028125000000001 0.011882224053250984 0.020910349053250985
0.04560772415760386 0.04897685797661954 0.0945845821342234
0.04265789263588715 0.044705747087786685 0.08736363972367384
0.04408788114037845 0.048248874442996394 0.09233675558337484
0.04527499127443537 0.04931648986714967 0.09459148114158504
0.0029567169540229894 0.027499999999999997 0.030456716954022987
0.04488958333333333 0.02238958333333333 0.06727916666666665
0.0039041289326641536 0.009841081604753053 0.013745210537417205
0.008523159132534132 0.010564134175609441 0.019087293308143575
0.004088839507193163 0.0017149493993629842 0.005803788906556148
0.002635642276492109 0.016272401079835446 0.018908043356327554
0.04507916666666666 0.022579166666666664 0.06765833333333333
0.01954483259796779 0.015374389241416153 0.034919221839383945
0.0007732904025253425 0.012538907468342976 0.013312197870868318
0.011270953464850386 0.0008858874843178391 0.012156840949168225
-0.00017964317956402305 0.006409035698137837 0.0062293925185738135
0.03702414956825138 0.037967628477372915 0.07499177804562429
0.046461605727625414 0.048679952038149066 0.09514155776577449
0.0037913074712643676 0.025 0.02879130747126437
0.03912655604273183 0.04324819567949717 0.08237475172222901
0.014134114444552835 0.04318181818181821 0.057315932626371045
0.03940496637873272 0.0438025588422963 0.08320752522102902
0.004510460097332286 0.008165720368380753 0.012676180465713038
0.03842769582215104 0.04719842608726992 0.08562612190942095
0.0475 0.014214880292463344 0.061714880292463345
0.03560566214563193 0.0466377341818294 0.08224339632746133
0.0017937811609686609 0.009290721223910116 0.011084502384878778
0.012736949749133175 0.03910939582670603 0.051846345575839205
0.03792220732014826 0.0466461966531945 0.08456840397334275
0.004029212454212455 0.014543024315991443 0.0185722367702039
0.04111081159346409 0.048675754344053225 0.08978656593751731
0.009382648890923802 0.010406756308775822 0.019789405199699624
0.016418002646844395 0.031688570111096354 0.048106572757940745
0.04195436880608634 0.04732978023846953 0.08928414904455587
0.000721305954488265 0.033193204365079367 0.03391451031956764
0.042499999999999996 0.019999999999999997 0.062499999999999986
0.0008187541625041621 -0.0009681178492176105 -0.00014936368671344846
0.003597667513302945 0.0033145780711567956 0.00691224558445974
0.05 0.025 0.07500000000000001
0.0029850280448717953 0.00541157958586606 0.008396607630737855
0.03466002315880825 0.01103990461317283 0.04569992777198108
0.0006290064058971502 0.024836534664954665 0.025465541070851815
0.01510401240604114 0.022316079172828504 0.03742009157886964
0.0395187382031376 0.0462105703740957 0.0857293085772333
0.0030735558301861724 0.007273411722373865 0.010346967552560038
0.0033431158424908416 0.022163541666666665 0.025506657509157503
0.0011402888632990379 0.02486874748878267 0.02600903635208171
0.040950379116356614 0.048762836664180735 0.08971321578053736
0.0034755780677655666 0.027499999999999997 0.030975578067765564
0.041613567464916616 0.0489481259335726 0.09056169339848921
0.0475 0.025155358870847584 0.07265535887084758
0.03734734989304797 0.043892800672675515 0.08124015056572348
0.04129334764751446 0.047201030671219064 0.08849437831873352
0.016716861670917925 0.045357861714618856 0.06207472338553678
0.03427931071824456 0.045064422301336664 0.07934373301958124
0.0350878284931898 0.045411752969967994 0.0804995814631578
0.042499999999999996 0.019999999999999997 0.062499999999999986
0.0008209291583952914 0.01375475788154885 0.01457568703994414
-0.00045664511494252836 0.019999999999999997 0.01954335488505747
0.02369767643443415 0.03970896381723892 0.06340664025167309
0.004249288577459349 0.007686766953957783 0.01193605553141713
0.003579424090038314 0.007394182131067142 0.010973606221105455
0.03368360356335942 0.043420992926921656 0.07710459649028108
0.0013218958330035281 0.014583153750540293 0.015905049583543822
0.002985659939227786 0.006602280864364213 0.009587940803592
0.019499988562720814 0.035853130270176 0.05535311883289681
0.023740738749402718 0.04091461999639087 0.06465535874579358
0.03838947235117533 0.04422031858852126 0.0826097909396966
0.028846160173404356 0.03347186787563685 0.062318028049041206
0.04248369020804775 0.04744188981345567 0.08992558002150343
0.005323961730876574 0.03941028439841906 0.044734246129295635
0.008811954365079366 0.0025875103221517344 0.0113994646872311
0.021845989674687892 0.029004992101532394 0.050850981776220286
0.0475 0.027499999999999997 0.075
0.0021471915866456102 0.03971922726893611 0.04186641885558172
0.04155557307245265 0.04818750000000031 0.08974307307245297
0.04514583333333333 0.02264583333333333 0.06779166666666667
0.0454912212714947 0.007596314075358848 0.05308753534685355
0.03316384581189043 0.03876852412911821 0.07193236994100863
0.03341217486869405 0.03814201252370069 0.07155418739239475
0.024390542210516678 0.023802334282506537 0.048192876493023215
0.04301194705859957 0.04810504913802114 0.09111699619662071
0.042334706674488805 0.04858273961254402 0.09091744628703281
0.013219607190975188 0.04196216422944339 0.055181771420418586
0.002687145146520147 0.020977967266948748 0.023665112413468897
8.49186426826665e-05 0.007661326909256777 0.0077462455519394435
0.022770096332752218 0.04576817788545104 0.06853827421820326
0.009640060348208593 0.013302295918367346 0.022942356266575942
0.019476781555520132 0.026285503694110778 0.04576228524963091
0.0014161784437907094 0.03638170272018402 0.03779788116397473
0.03878932343351273 0.04617610806658819 0.08496543150010093
0.007495354075674682 0.02484400516117745 0.03233935923685213
0.02106049947031764 0.04295725114359607 0.06401775061391371
0.03841395721678857 0.0456751325404286 0.08408908975721717
0.04189690858409386 0.04655836054600797 0.08845526913010182
0.04572023809523809 0.027499999999999997 0.07322023809523809
0.039999059750117597 0.04603161795511567 0.08603067770523326
0.04560061177248677 0.008175891145992074 0.05377650291847884
0.002511922399554165 0.02306841926806822 0.025580341667622387
0.03918387220525896 0.04563636151655581 0.08482023372181477
0.04452366874402578 0.046006783643370915 0.09053045238739671
0.042499999999999996 0.019999999999999997 0.062499999999999986
0.045557891038359784 0.008037539835253248 0.05359543087361303
0.04488711735898374 0.002034381147943791 0.046921498506927534
0.0031771062271062273 0.008349935070745797 0.011527041297852024
0.0023334770114942526 0.008082535758055674 0.010416012769549926
0.0022927083333333332 0.008296083425101514 0.010588791758434846
0.017148100967105537 0.01638187857942083 0.03352997954652637
0.026083261804775 0.021815701488794983 0.047898963293569984
0.02820748165140858 0.013175635560836646 0.041383117212245225
0.007882527139208175 0.004286666501461793 0.012169193640669967
0.007361501996134381 0.0354036143952136 0.04276511639134798
0.002736867215105165 0.007853626993976856 0.010590494209082021
0.006784535961381152 0.015698464450648028 0.02248300041202918
0.03766062726411092 0.04492497753720115 0.08258560480131207
0.04015609604504386 0.046305733041670925 0.08646182908671478
0.004545617816091954 0.004244791666666667 0.00879040948275862
0.03967150099545552 0.04265514059357715 0.08232664158903268
0.0034063319335282173 0.022947916666666665 0.026354248600194884
0.0475 0.007831550945383934 0.05533155094538393
0.03879709333140918 0.047784697513937165 0.08658179084534634
0.004167051387500694 0.027499999999999997 0.031667051387500686
0.03468317777827563 0.039806609219720804 0.07448978699799642
0.03771953075673744 0.044829229824306885 0.08254876058104432
0.009202380900533672 0.04143509982006966 0.05063748072060333
0.041014017495101376 0.04544635263360603 0.0864603701287074
0.038202195078388686 0.046687500000000194 0.08488969507838888
0.033406828703703706 0.022047764255874933 0.055454592959578636
0.020126868115300692 0.04340593525535712 0.06353280337065781
0.038283162096107215 0.04754260163797206 0.08582576373407928
0.00197204064748854 0.040289025370006365 0.0422610660174949
0.03827966985558725 0.04737500000000037 0.08565466985558762
0.020394895355329054 0.04517592059525881 0.06557081595058786
0.0209433818315621 0.02314343604450065 0.04408681787606275
0.0034147683133223423 0.006697255193762676 0.01011202350708502
0.03472222222222223 0.022477796023917845 0.05720001824614007
0.026841518976971467 0.03214463695118206 0.058986155928153525
0.008626481155197773 0.016114752279618384 0.024741233434816153
0.0030717948717948725 0.008316652538693356 0.011388447410488228
0.03567238177257173 0.043188587711922605 0.07886096948449434
0.0475 0.027499999999999997 0.075
0.03523255695746137 0.04518992782352467 0.08042248478098606
0.003269724691615105 0.03670008550264756 0.03996981019426267
0.013547822861732027 0.043527777777777776 0.0570756006395098
0.03580202871948271 0.04637500000000032 0.08217702871948303
0.003521578973733558 0.0069853480931223915 0.010506927066855949
0.033611401556100054 0.043659404204367196 0.07727080576046724
0.0475 0.012733026060277024 0.06023302606027703
0.042499999999999996 0.00044101250128415726 0.04294101250128415
0.03720306929943014 0.046044927010965526 0.08324799631039567
0.0026879169010164015 0.006733106565837793 0.009421023466854195
0.042499999999999996 0.0011177816397079834 0.043617781639707975
0.0475 0.027499999999999997 0.075
0.02312363746379352 0.04541216648391808 0.06853580394771161
0.042499999999999996 0.019999999999999997 0.062499999999999986
0.005272916666666667 0.025 0.03027291666666667
0.03861179623246178 0.044812242669048236 0.08342403890151001
0.03896421058015302 0.045311930089580024 0.08427614066973305
0.041160241411677144 0.04718011521090685 0.088340356622584
0.0037109375000000007 0.027499999999999997 0.031210937499999997
0.042499999999999996 0.0009698498761407638 0.04346984987614076
0.040426671596745775 0.044380561156492096 0.08480723275323786
0.011028617913137983 0.040190066952060476 0.051218684865198455
0.03888888888888889 0.02916666666666666 0.06805555555555556
0.004214808923735885 0.03945559642846571 0.0436704053522016
0.041381663583561094 0.011589169767581509 0.0529708333511426
0.039397321507374086 0.04541451471321453 0.0848118362205886
0.004844934561764395 0.03639602166851031 0.04124095623027471
0.044832842762945815 0.04827598430300632 0.09310882706595214
0.0475 0.027499999999999997 0.075
0.0037776760057471265 0.007751416927705465 0.011529092933452592
0.03959535536420651 0.045298462771294366 0.08489381813550087
0.03520086671928206 0.04368454905605302 0.07888541577533509
0.005748359485936261 0.04350266330296865 0.049251022788904905
0.000594554591144203 0.04061000753843787 0.04120456212958207
0.0011177763553781117 0.04400000000000001 0.04511777635537812
0.016699754507934404 0.04054118454948223 0.05724093905741664
0.028917713013787733 0.03487867636154089 0.06379638937532862
1.3900862068965542e-05 -0.00042187226571834615 -0.0004079714036493806
0.012345558387475617 0.0036692297298055203 0.016014788117281138
0.032004838259392564 0.04087510482211357 0.07287994308150614
0.0032351899375350707 0.038221836852931096 0.041457026790466166
0.017031771582747848 0.04330357142857142 0.060335343011319265
0.0025294141123882513 0.027499999999999997 0.03002941411238825
0.028903878703883418 0.04505494748396697 0.0739588261878504
0.0026590823089899926 0.041004224012211696 0.04366330632120169
0.045512552916316215 0.007160611825588933 0.05267316474190516
0.04088101832246602 0.04607381225824037 0.0869548305807064
0.0475 0.00757070011465374 0.05507070011465374
0.0026101831896551725 0.027499999999999997 0.030110183189655172
0.010202045025458331 0.041098498013854054 0.051300543039312384
0.041225626520313294 0.046180289663964924 0.08740591618427822
0.01232348794475974 0.04197011016802247 0.05429359811278221
0.03942569492023401 0.04748975258721917 0.08691544750745318
0.0028631858065308576 0.004681356786192926 0.007544542592723784
0.016003430938032418 0.04454735747698247 0.06055078841501489
0.043906712163724985 0.04801893046628512 0.0919256426300101
0.004044560545301386 0.02219708839699074 0.026241648942292122
0.004212511365433272 0.025 0.029212511365433274
0.02860454349407509 0.03258771529987583 0.06119225879395092
0.034659269634209275 0.043984442568606924 0.0786437122028162
0.03506285424057423 0.04471947426560722 0.07978232850618144
0.0015949994637421694 0.04516129032258062 0.04675628978632279
0.020336663421910546 0.0424399087935034 0.06277657221541394
0.037343108780994005 0.045925662063412 0.083268770844406
0.0025500299329501916 0.023149806787634408 0.025699836720584603
0.01564331972601728 0.04589910929551674 0.06154242902153402
0.03876262200248524 0.04707519391130027 0.08583781591378552
0.012754329679913731 0.03250068082695672 0.045255010506870454
0.0382783494591013 0.045382659102475305 0.08366100856157661
0.003950164393051921 0.002693642495005351 0.006643806888057271
7.68494621149663e-05 0.009455799499010478 0.009532648961125444
0.004442835278766466 0.002258878244399261 0.006701713523165727
0.00018740269402767962 0.011249561808631011 0.011436964502658692
0.00273251570966535 0.0076184519934357625 0.010350967703101113
0.03807010730790363 0.044818251903965774 0.0828883592118694
0.025753989840912456 0.020550574766296886 0.046304564607209345
0.029025897726127053 0.03734623776709192 0.06637213549321898
0.03311290511168299 0.04458139014255495 0.07769429525423793
0.037380768407409525 0.04579032780123517 0.0831710962086447
0.038925047189989195 0.04584506781088543 0.08477011500087464
0.03158260123315523 0.04458062921171301 0.07616323044486824
0.04500260416666666 0.006750649154700037 0.051753253321366696
0.0028870716067910364 0.043485300993141414 0.046372372599932446
0.00446343460940222 0.008126501668854934 0.012589936278257155
0.040951501011372 0.04893750000000037 0.08988900101137237
0.04348735485573129 0.048875000000000356 0.09236235485573165
0.004436390383701421 0.008182615689842342 0.012619006073543762
0.004017665628991061 0.007965360442368967 0.011983026071360028
0.0475 0.008467063242146897 0.0559670632421469
0.03550261403868349 0.04167419206381314 0.07717680610249662
0.02722399379390308 0.03319509809301096 0.06041909188691405
0.011683395664806627 0.040136912680087226 0.05182030834489385
0.0475 0.02295833333333333 0.07045833333333333
0.0025648640617472666 0.04318181818181821 0.04574668224356548
0.0456119513137836 0.007205913260812237 0.05281786457459584
0.003558152942378017 0.002348181034151483 0.0059063339765295
0.0025252937759747975 0.031147963452079843 0.03367325722805464
0.0077376486997264736 0.04296961376457916 0.05070726246430563
0.002800682471264367 0.0076514032200675815 0.010452085691331948
0.049999999999999996 0.022613436078622477 0.07261343607862247
0.03251004815566222 0.037992507210192074 0.07050255536585429
0.00311319826007326 0.008518152802172179 0.01163135106224544
0.034236441370832746 0.03758878574923653 0.07182522712006928
0.038817767383355586 0.04415410618006928 0.08297187356342488
0.03495248733282213 0.04354655871222048 0.07849904604504261
0.0393037306706149 0.047065650960556926 0.08636938163117183
0.038648376896913826 0.04649951855271224 0.08514789544962607
0.008830846523382736 0.008202176210161645 0.01703302273354438
0.002572248506773868 0.0077232462513313945 0.010295494758105263
0.027140140216685465 0.043558725341088754 0.07069886555777423
0.030570942031725078 0.0340760500719492 0.06464699210367428
0.0015935162268892467 0.02711302750118539 0.028706543728074636
-1.3876286578703988e-05 0.0005327149940341825 0.0005188387074554785
0.033091700619576794 0.04296836662093667 0.07606006724051345
0.03947603217994567 0.04356047907733858 0.08303651125728426
0.0025900804622905663 0.04061086876265273 0.043200949224943296
0.045039901620370366 0.006853704569456565 0.05189360618982693
0.040394590460981504 0.045363730929006564 0.08575832138998805
0.020305208934319828 0.040289559095797844 0.06059476803011767
0.04179675058775942 0.04737920318420637 0.08917595377196579
0.00353738012331061 0.007312949535983537 0.010850329659294148
0.04019866113727475 0.04709129094427412 0.08728995208154887
-0.00025104166666666645 0.015613298504926942 0.015362256838260277
0.02375755718414613 0.02805241057433379 0.05180996775847992
0.002638789112388251 0.007953935270006752 0.010592724382395002
0.0350143095447223 0.043547658003600456 0.07856196754832276
0.04166182346340885 0.0460448475257328 0.08770667098914163
0.0035720560467254548 0.007093570416827602 0.010665626463553058
0.04238611116084754 0.0469395458380981 0.08932565699894564
0.0008134219348659002 0.0003175175579185431 0.0011309394927844433
0.0012876469017094022 0.0015731620588571838 0.002860808960566586
-0.0003470135935264514 0.019999999999999997 0.019652986406473547
0.0017624542124542119 0.0004231317635539092 0.002185585976008121
0.04527352120346704 0.008391954543198183 0.05366547574666523
0.03517461078851419 0.04625603661562105 0.08143064740413525
0.014284979994036736 0.03716307105197559 0.05144805104601233
0.0405966481833513 0.04662500000000029 0.0872216481833516
0.0017686628082791464 0.035 0.03676866280827915
0.02808182564769102 0.03192563329637952 0.06000745894407054
0.02915341890838688 0.03875439861122472 0.06790781751961159
0.045227624444285186 0.008226737536016307 0.05345436198030149
0.042499999999999996 0.0009822185550224592 0.04348221855502245
0.00226334706959707 0.0027322889169528945 0.004995635986549965
0.0009136275183150182 0.019999999999999997 0.020913627518315017
0.045515328130701284 0.007381111474607513 0.0528964396053088
0.03584235542072021 0.04240541565901757 0.07824777107973778
0.03885710095894382 0.044655286306726355 0.08351238726567019
0.0035615587535636926 0.002137096352570775 0.005698655106134468
0.03680764325059325 0.0462449068767997 0.08305255012739295
0.0475 0.007998241691567608 0.055498241691567606
0.004047945086522674 0.009182201336812242 0.013230146423334917
0.03987499146982114 0.04669365192542925 0.08656864339525037
0.029915710309507206 0.033673912988861986 0.06358962329836919
0.042578291439417715 0.04809515331723482 0.09067344475665255
0.004589906471318115 0.036167519645884175 0.04075742611720229
0.041184911826264645 0.047547493532191606 0.08873240535845625
0.04346019973716844 0.04862500000000033 0.09208519973716876
0.033938132727541884 0.04238133554326529 0.07631946827080718
0.033827956180606134 0.04244322029656738 0.07627117647717352
0.0029572965207501586 0.027499999999999997 0.030457296520750153
0.04169315948331383 0.012291340364514368 0.05398449984782819
0.0008153654373238764 0.02014051369985428 0.020955879137178158
0.0002431748333921461 0.0010990880690866177 0.001342262902478764
0.0022137934137598666 0.028987026721946543 0.031200820135706412
0.001925782161151901 0.019031831971891445 0.020957614133043347
0.04038016172119762 0.04812778528680784 0.08850794700800545
0.04306749304138213 0.04809746969369267 0.0911649627350748
0.04308371062044714 0.04910580375068463 0.09218951437113176
0.004364102410600256 0.009419567730109213 0.01378367014070947
0.0021971068805874848 0.02308769861862739 0.025284805499214875
0.003465574848220559 0.027499999999999997 0.030965574848220555
0.011604131336484438 0.019102613337053376 0.030706744673537813
0.03597086380329851 0.041717078811876224 0.07768794261517473
0.02928211862606813 0.01668432078860801 0.045966439414676145
0.010747389526192806 0.027053951336695546 0.037801340862888354
0.04700000000000002 0.003989873504093407 0.050989873504093425
0.045475495604195254 0.00712651488613931 0.05260201049033456
0.004553803850135371 0.007339175584338409 0.01189297943447378
0.01401032996613346 0.03283596136381636 0.04684629132994982
0.04491041666666666 0.00858039284395299 0.05349080951061965
0.016017246620356456 0.018937991176154356 0.03495523779651081
0.008637869942557445 0.024999999999999998 0.03363786994255744
0.005496841233684255 0.035158786899474846 0.040655628133159094
0.003312408849539613 0.03894641033570957 0.04225881918524918
0.049999999999999996 0.0034153201676036305 0.05341532016760362
0.009744906872029429 0.03598731921646229 0.04573222608849172
0.017625783723163084 0.03813884208032971 0.05576462580349279
0.009891767883941957 0.03657228401704752 0.046464051900989484
0.04504195496660316 0.008271076295289339 0.0533130312618925
0.019046673515382657 0.025220938668119797 0.044267612183502454
0.034146183330148475 0.041138437423794534 0.075284620753943
0.02064883408395593 0.03742021400762142 0.05806904809157735
0.033100340141391286 0.03884336568307528 0.07194370582446656
0.02035660873654186 0.031247744989089304 0.051604353725631165
0.03066296415034774 0.037671971461062284 0.06833493561141002
0.004102051751901826 0.01316648032153124 0.01726853207343307
0.031386871385816986 0.0408720551252915 0.07225892651110849
0.002433727771530902 0.00809812196080209 0.010531849732332992
0.0035504350255427843 0.008216403563378957 0.011766838588921741
0.036056451816377524 0.04546577913037684 0.08152223094675437
0.008525889198575054 0.03621810094787823 0.044743990146453284
0.02298128427357654 0.0346500096848701 0.05763129395844664
0.01241774701259283 0.038847801842223785 0.05126554885481662
0.002651919505379515 0.03995130613706435 0.042603225642443864
0.042499999999999996 0.019999999999999997 0.062499999999999986
0.013984619866648642 0.041137542922846035 0.05512216278949468
0.040978382089906125 0.04459596823627125 0.08557435032617738
0.0031133585164835166 0.027499999999999997 0.030613358516483512
0.004567704027272615 0.007518883336370565 0.01208658736364318
0.0029004988825031934 0.00898127513015665 0.011881774012659843
0.0026324932151979567 0.027499999999999997 0.030132493215197953
0.03444534805619117 0.041289740024054965 0.07573508808024614
0.04492447916666666 0.0071358639130799095 0.05206034307974657
0.013399361975612712 0.032774729765015574 0.04617409174062828
0.0262567211862577 0.020341317965263343 0.04659803915152104
0.0028396724644129453 0.007905248275592015 0.01074492074000496
0.0028670586755233504 0.008226737536016307 0.011093796211539657
0.032653424278710146 0.03683426931802702 0.06948769359673718
0.03764908792524754 0.04522262151593072 0.08287170944117825
0.0019433749008333973 0.012731684129929774 0.01467505903076317
0.0032807744640101417 0.027499999999999997 0.03078077446401014
0.027538661071362328 0.037560074412367604 0.06509873548372994
0.03792766745630791 0.04142107349018485 0.07934874094649276
0.03417787365359238 0.04552904099707989 0.07970691465067227
0.03953075800727721 0.04633468343770028 0.0858654414449775
0.045004166666666665 0.008829266768260336 0.05383343343492699
0.002573031135531136 0.012277140307877537 0.014850171443408671
0.03891376545815076 0.04465114018363536 0.08356490564178612
0.04094415980848648 0.04761946268716801 0.0885636224956545
0.04512351466049382 0.0023905135170194532 0.04751402817751328
0.007741659614882757 0.014848148478451131 0.02258980809333389
0.035346788194444444 0.008347881833998323 0.04369467002844277
0.001063377282339227 0.005353115892313574 0.006416493174652801
0.042499999999999996 0.019999999999999997 0.062499999999999986
0.002468146175351249 0.03762356994966892 0.040091716125020174
-0.0003921371816406158 0.019999999999999997 0.019607862818359384
0.02195161856080185 0.04105901393488528 0.06301063249568713
0.022494220233263827 0.04505511309205358 0.06754933332531741
0.024201699379922895 0.026916633695571884 0.05111833307549478
0.0475 0.027499999999999997 0.075
0.03766862078893858 0.04107005652216607 0.07873867731110465
0.04572693452380952 0.027499999999999997 0.07322693452380952
0.002423191116466635 0.04411764705882354 0.04654083817529017
0.04493697916666666 0.007463697076488261 0.05240067624315492
0.003121377072500456 0.007990784318430982 0.011112161390931439
0.039300764542317304 0.046162347524647804 0.08546311206696512
0.020914914914769767 0.04329406533810466 0.06420898025287443
0.00198764880952381 0.007772141906401494 0.009759790715925304
0.03897580140690254 0.04403235642350331 0.08300815783040584
0.013620665191279873 0.042805121527777795 0.05642578671905767
0.04547210162116826 0.007469229131648844 0.05294133075281711
0.0030005640688574842 0.007566364084670846 0.010566928153528329
0.03387188283894795 0.04587171943311267 0.07974360227206062
0.011576565488512481 0.03525345421885844 0.046830019707370926
0.018080857818434708 0.04187053007736756 0.05995138789580227
0.002290085168111888 0.0395671565935075 0.04185724176161939
0.0029372678591259925 0.00941460478215118 0.012351872641277174
0.012107378467142568 0.04387755102040818 0.05598492948755075
0.003020089285714286 0.006931285284880392 0.009951374570594678
0.004871586746586747 0.013123330383954229 0.017994917130540976
0.004081427237770005 0.027499999999999997 0.03158142723777
0.011174530941840927 0.03367017350053838 0.044844704442379306
0.025248356525266205 0.03996588803741707 0.06521424456268328
0.012503823107357424 0.04062500000000003 0.05312882310735745
0.009853144550165446 0.04045229237568858 0.05030543692585403
0.026295149905353574 0.0425997073271077 0.06889485723246128
0.02252616558265933 0.03927887211078619 0.06180503769344552
0.031132247325664886 0.04055475922528558 0.07168700655095046
0.0016542494120614034 0.031131994441783346 0.03278624385384475
0.0034012797999148576 0.027499999999999997 0.030901279799914853
0.027033711273272924 0.03762792210796705 0.06466163338123998
0.03523791478187423 0.044153055620951516 0.07939097040282574
0.04009950079713584 0.04793095338523909 0.08803045418237491
0.0475 0.027499999999999997 0.075
0.038105578438100494 0.0453818603138745 0.083487438751975
0.03270292634417691 0.04035278209534292 0.07305570843951983
0.042249429676190144 0.04659417156022541 0.08884360123641556
0.045463168479808067 0.007053796700415315 0.05251696518022338
0.0005920311297937084 0.03571428571428572 0.03630631684407943
0.004405518039591315 0.00795698474544067 0.012362502785031985
0.006437952898550725 0.025 0.031437952898550725
0.0028354489260739267 0.007946162851027573 0.0107816117771015
0.024638627350081183 0.03250097250664394 0.057139599856725114
0.02053435834294585 0.03528767292647403 0.055822031269419876
0.0026090007534912453 0.038737140266807996 0.041346141020299244
0.036606560622515195 0.045377043952781124 0.08198360457529631
0.004875872972428403 0.006854724751675328 0.01173059772410373
0.003838541666666666 0.007657007216848706 0.011495548883515372
0.01481721238560025 0.03296020588452082 0.04777741827012106
0.03853162486331388 0.046920287833994795 0.08545191269730867
0.004228032635467982 0.008793547272633824 0.013021579908101804
0.006518504152498215 0.013750517356022089 0.020269021508520304
0.014103680158512521 0.034192174585279074 0.0482958547437916
0.037827783219868946 0.04466643062515938 0.08249421384502834
0.0014469699676025805 0.0016134053924012326 0.0030603753600038134
0.049999999999999996 0.024999999999999998 0.07499999999999998
0.026441555786232595 0.01202287955257573 0.03846443533880833
0.00268039249472486 0.0068014925387012036 0.009481885033426063
0.002736867215105165 0.00809480175236556 0.010831668967470724
0.0475 0.027499999999999997 0.075
0.04080458573234801 0.045279976246882285 0.0860845619792303
0.0475 0.027499999999999997 0.075
0.04094175163804637 0.045527979248099856 0.08646973088614622
0.03583676003260492 0.04468543701088608 0.08052219704349099
0.03746682412059939 0.046453883705557475 0.08392070782615686
0.04493385416666666 0.008420749986810134 0.053354604153476794
0.05 0.025 0.07500000000000001
0.04193244727402222 0.04751163282705131 0.08944408010107352
0.0031706826639245505 0.041428571428571453 0.044599254092496
0.041419943006021545 0.047434217411444116 0.08885416041746566
0.0409872174663116 0.045955486937088494 0.08694270440340009
0.04544406497577959 0.007520194168520204 0.052964259144299794
0.041211943075563286 0.0465107946390141 0.08772273771457739
0.0038626614582445242 0.007741464518345715 0.01160412597659024
0.021598749203940948 0.042982008660743164 0.0645807578646841
0.003040550595238095 0.027499999999999997 0.03054055059523809
0.0025911934959364424 0.04507690429687497 0.04766809779281141
0.029129442246068907 0.033467913244115646 0.06259735549018455
0.029483748320384934 0.041031742725897095 0.07051549104628202
0.049999999999999996 0.003722060864283473 0.05372206086428347
0.044932291666666666 0.0076390523091554585 0.052571343975822124
0.03949018141289141 0.04684698012063164 0.08633716153352305
0.04035433157132788 0.046079928985375336 0.08643426055670321
0.03584809971498503 0.040969455307702504 0.07681755502268754
0.05 0.003645833333333334 0.05364583333333334
0.0475 0.027499999999999997 0.075
0.015902299114603235 0.030445790780375574 0.04634808989497881
0.004332341269841269 0.01467295214138287 0.019005293411224138
0.040601252152694355 0.046972268814283125 0.08757352096697747
0.04075045454882367 0.048575538584973287 0.08932599313379697
0.019615947816060072 0.04689781021897802 0.06651375803503809
0.03238701490889279 0.037310929715536796 0.06969794462442959
0.003581338464438063 0.027499999999999997 0.031081338464438057
0.02815373622179626 0.035174662050681024 0.06332839827247728
0.029428337609979066 0.010790733628545685 0.04021907123852475
0.0033207740176490175 0.007267799677793688 0.010588573695442704
0.03995809442959362 0.045496124396005415 0.08545421882559903
0.004167051387500694 0.01890252826983066 0.023069579657331352
0.0028199703460334005 0.0073925197461984045 0.010212490092231805
0.010150775071633875 0.04464285714285714 0.05479363221449101
0.0405797023472171 0.04701168448877902 0.08759138683599613
0.0023250000000000002 0.0077047495159785415 0.010029749515978542
0.01986472818477671 0.043256945805264284 0.063121673990041
0.019549360736580163 0.04430102915625127 0.06385038989283143
0.04115486651748328 0.046707139251705755 0.08786200576918905
0.002141651340267209 0.007432711297297297 0.009574362637564506
0.007623648660775582 0.04365272076627902 0.051276369427054595
0.007143751028332915 0.03862736380360378 0.045771114831936695
0.029420311771066333 0.032386218341255456 0.06180653011232179
0.021702320152450237 0.04517346377078539 0.06687578392323562
0.00411494234931735 0.020990521483373686 0.02510546383269104
0.0027262975553854216 0.008362979430543349 0.01108927698592877
0.031074919965128078 0.039999214428779364 0.07107413439390745
0.002729462316712475 0.007265868934592047 0.009995331251304522
0.03740467650777155 0.047601955054673545 0.0850066315624451
0.0023463026556776565 0.027499999999999997 0.029846302655677653
0.02495768858917193 0.04504743073719922 0.07000511932637114
0.03369732461511809 0.04641273351712325 0.08011005813224134
0.04459682246197744 0.04720929140205763 0.09180611386403507
0.0475 0.027499999999999997 0.075
0.04245212466809346 0.04879222473743201 0.09124434940552546
0.04329788242534744 0.04842530779777959 0.09172319022312703
0.04259223350864327 0.048562500000000355 0.09115473350864363
0.006934215679526523 0.004231689976206939 0.011165905655733463
0.002549479166666667 0.008255470163621582 0.01080494933028825
0.003561491669538913 0.0025855230029350564 0.00614701467247397
0.014377085011525563 0.043617021276595766 0.05799410628812133
0.018483497178511585 0.02008657722403707 0.03857007440254866
0.004789583593380763 0.007722844735855207 0.01251242832923597
0.03049570525678161 0.0360006441381588 0.06649634939494041
0.03740557615778492 0.04558967067564326 0.08299524683342818
0.0365351293105873 0.045445808207542474 0.08198093751812977
0.004216538420604513 0.008102378345980633 0.012318916766585145
0.002654324147199552 0.0069291374225217365 0.009583461569721289
0.04084710876800434 0.04617203327013601 0.08701914203814035
0.03735373092318611 0.04526922787072998 0.0826229587939161
0.03570178746803665 0.047034319333538514 0.08273610680157516
0.04314906697445692 0.049094642638795066 0.092243709613252
0.00029050432895416786 -0.0006287778502485714 -0.0003382735212944035
0.04500096259049366 0.002332817762742528 0.04733378035323619
0.042499999999999996 0.003367577042443213 0.04586757704244321
0.020206716652644393 0.021958112976004744 0.04216482962864914
0.0028153124999999997 0.027499999999999997 0.030315312499999997
0.03536288134946173 0.0417488635804132 0.07711174492987492
0.04243571105475124 0.047137946320395925 0.08957365737514716
0.0071029241221146735 0.0065246212121212125 0.013627545334235887
0.003009449404761904 0.007282549377993358 0.010291998782755264
0.004309643508834455 0.041012097216103195 0.045321740724937644
0.0007202911715898143 0.04212819148603845 0.042848482657628265
0.0037182514478415643 0.03846153846153848 0.042179789909380046
0.0022541755758068603 0.010909943077671659 0.013164118653478519
0.012199114217699253 0.03990507007046132 0.05210418428816057
0.002424623145121203 0.04327830188679246 0.04570292503191366
0.036576298152091256 0.045987338323798505 0.08256363647588977
0.0379931990207343 0.04695326020684717 0.08494645922758147
0.012250356419056878 0.043910465584231534 0.05616082200328841
0.0036178197012604802 0.008262405618646154 0.011880225319906634
0.0023839829657925815 0.03923089397115975 0.04161487693695233
0.010761028867601902 0.01715819614038028 0.027919225007982183
0.008171907090915117 0.014621465676004964 0.022793372766920082
0.029757325451904428 0.03651036530514132 0.06626769075704575
0.00392389085591133 0.00820740935493021 0.01213130021084154
0.04156763322298497 0.04609364247284465 0.08766127569582963
0.01914192638281612 0.03903437080998243 0.058176297192798536
0.036310889239280046 0.043619233614943326 0.07993012285422336
0.04561309523809524 0.008334444007655355 0.053947539245750596
0.037738630943253075 0.04713745455264506 0.08487608549589813
0.0028304345441813265 0.027499999999999997 0.03033043454418132
0.03704581750048506 0.046618673826600766 0.08366449132708582
0.043046229128152085 0.047458857660644685 0.09050508678879676
0.03384578894978482 0.03944280164935631 0.07328859059914113
0.040103074176434925 0.04569603858945634 0.08579911276589126
0.01449397795021007 0.026436553721898425 0.04093053167210849
0.03969256480874222 0.04499153313180192 0.08468409794054413
0.042162238710808236 0.047989950906211304 0.09015218961701954
0.0174453691788185 0.04306984038873259 0.0605152095675511
0.003011853632487922 0.008218467766968758 0.011230321399456681
0.03876377749810611 0.04809661505972763 0.08686039255783375
0.021270753639744868 0.04631674481871674 0.06758749845846161
0.01059326737832533 0.04707792207792202 0.05767118945624735
0.0008692363472494952 0.03244301363301655 0.033312249980266044
0.040629255490526005 0.04750000000000031 0.08812925549052633
0.0475 0.009114659900079508 0.0566146599000795
0.0016393369545890288 0.016864903793124816 0.018504240747713844
0.0029486960661534315 0.008412442179950663 0.011361138246104095
0.04405313976155974 0.047272151462465925 0.09132529122402566
0.0035274512632911073 0.027499999999999997 0.031027451263291105
0.04494791666666666 0.008001637587293987 0.05294955425396064
0.03970701686683373 0.04499697239936664 0.08470398926620037
0.03972352243176541 0.04522107380192545 0.08494459623369086
0.03545065821159976 0.047954743717771586 0.08340540192937135
0.03611657774286012 0.044244119700748256 0.08036069744360837
0.03444058248299319 0.024922619047619044 0.05936320153061224
0.03698779652970953 0.04746170472397992 0.08444950125368944
0.045329427507042754 0.007721008871073262 0.05305043637811602
0.012868795628297396 0.0440515709005835 0.0569203665288809
0.0424004387586555 0.04852855107648334 0.09092898983513883
0.04267550406982405 0.045504883461619745 0.08818038753144379
0.04435479960938819 0.04838396605803469 0.09273876566742288
0.0388605631593102 0.0456357197101528 0.08449628286946301
0.038660272685749744 0.04640157154513414 0.08506184423088388
0.002229551803959132 0.007376971376173709 0.009606523180132841
0.05 0.025 0.07500000000000001
0.0025177143454563275 0.027499999999999997 0.030017714345456324
0.04083548435635746 0.047414904988740354 0.08825038934509781
0.03708903295364461 0.04592949564887547 0.08301852860252007
0.03282279083414039 0.0418160376385954 0.07463882847273579
0.006150686813186817 0.019999999999999997 0.026150686813186812
0.0386406349053752 0.04424500506115321 0.0828856399665284
0.003998339719029375 0.008627052986700166 0.01262539270572954
0.002322239733692471 0.008430905866060647 0.010753145599753119
0.05 0.0028141408461096517 0.05281414084610966
0.045437100637674296 0.00735180023252139 0.052788900870195686
0.014417736980200862 0.04111426057193888 0.05553199755213974
0.05 0.025 0.07500000000000001
0.004995332627337274 0.008656363017505376 0.013651695644842652
0.037255931822683996 0.04463205963992799 0.08188799146261198
0.004880952380952381 0.025 0.029880952380952383
0.010196134356668156 0.0405812289540446 0.05077736331071275
0.03594403914883037 0.04750160219582212 0.08344564134465247
0.03734611139671533 0.04769578877363493 0.08504190017035025
0.0252924108815872 0.02927082645894377 0.054563237340530965
0.010163646163343852 0.04061178704874682 0.050775433212090666
0.038187449371282454 0.044757409505969195 0.08294485887725164
0.0034232712001345286 0.03861004464138826 0.042033315841522784
0.003859343781218782 0.014662494408910145 0.01852183819012893
0.001497475346573558 0.042272918061389476 0.043770393407963036
0.003919081439393938 0.00858039284395299 0.01249947428334693
0.04526034033409391 0.008933439800305249 0.05419378013439915
0.02658293895433566 0.042113764826821415 0.06869670378115707
0.004274851190476192 0.014100171680326606 0.0183750228708028
0.004028364463601533 0.008704142548627844 0.012732507012229378
0.002310957454798387 0.038339911009358754 0.040650868464157136
0.002242564329431584 0.044736842105263144 0.04697940643469473
0.012371794805247818 0.04366732860639759 0.056039123411645415
0.02178521828192819 0.040029688680893 0.061814906962821194
0.03976475808608754 0.04614276624424245 0.08590752433032998
0.00276733117816092 0.007988526122373744 0.010755857300534664
0.03930109039079716 0.046903406336608146 0.08620449672740531
0.03702961906032808 0.047750000000000334 0.08477961906032842
0.0036524839743589735 0.0074328202276776655 0.011085304202036638
0.03790352073012156 0.045198365311843035 0.08310188604196458
0.03957403643486627 0.046988839142589243 0.0865628755774555
0.0007971703904587384 0.012327152010301568 0.013124322400760306
0.03611111111111112 0.03194444444444444 0.06805555555555556
0.03319070545013243 0.03991193301742108 0.07310263846755351
0.03703724066835979 0.04658887418387918 0.08362611485223898
0.03916896549758907 0.046825241160398025 0.08599420665798709
0.004746159623561235 0.00887090050727459 0.013617060130835825
0.03829313642327545 0.04709342313740208 0.08538655956067753
0.04042719261213113 0.04551204790587565 0.08593924051800679
0.02647744494485467 0.043761427429840606 0.07023887237469528
0.034377980883093864 0.04055574974657679 0.07493373062967065
0.04013217490339545 0.04588802797521389 0.08602020287860934
0.03897620983380183 0.04698627047824953 0.08596248031205135
0.008893957695201214 0.027499999999999997 0.03639395769520121
0.042299051027366114 0.04780311814578075 0.09010216917314687
0.04331509166629005 0.04779894822259763 0.09111403988888768
0.043898448141699194 0.047925114507072514 0.09182356264877171
0.012069416067529757 0.04108629023594096 0.05315570630347071
0.004043385616219667 0.008071464013835473 0.01211484963005514
0.002962346344189016 0.027499999999999997 0.030462346344189012
0.0043104664014146764 0.007738438118995006 0.012048904520409683
0.034634186777408746 0.04213326140823301 0.07676744818564175
0.021910844056951616 0.042716121081096806 0.06462696513804843
0.038357956887518176 0.04510322372569735 0.08346118061321553
0.003145508839527445 0.00770221250915432 0.010847721348681765
0.004167051387500694 0.01889694180558395 0.023063993193084643
0.021080222618779402 0.043620832299243836 0.06470105491802323
0.021300373149461378 0.03645149913456995 0.057751872284031336
0.03745453344974837 0.0462926520522685 0.08374718550201686
0.00314883814102564 0.01872883581579704 0.02187767395682268
0.04084658663277987 0.04720874837676898 0.08805533500954883
0.009818418171696671 0.04689260747049241 0.05671102564218908
0.03496035807723181 0.04239304587161733 0.07735340394884914
0.040766127086273606 0.0474665601866053 0.08823268727287889
0.04153941568253233 0.04574687345990971 0.08728628914244205
0.004546776556776558 0.009578674070516904 0.014125450627293461
0.004987096237096238 0.011074923409980088 0.016062019647076327
0.0033847880747126433 0.009143356022229621 0.012528144096942265
0.040390213655703285 0.04703334053024696 0.08742355418595026
0.03677111678705541 0.04495870433081914 0.08172982111787455
0.003445941091954023 0.01864686369061369 0.022092804782567716
0.005429286858974359 0.027499999999999997 0.03292928685897435
0.04064836102950868 0.0452545467216986 0.08590290775120728
0.039197237475978704 0.04523908377556607 0.08443632125154478
0.04006369779606894 0.046105586477195724 0.08616928427326467
0.004199445155894276 0.007551835573571271 0.011751280729465546
0.04025702195748931 0.04781001137799172 0.08806703333548103
0.005086643837886764 0.01107714594517303 0.016163789783059795
0.0475 0.027499999999999997 0.075
0.0383110460678722 0.045473528748716706 0.08378457481658891
0.045549650192918296 0.007837246336756896 0.05338689652967519
0.03865259606163538 0.04409211884225949 0.08274471490389487
0.042986579308751834 0.04664479869480307 0.0896313780035549
0.04172793073307866 0.0470492744305041 0.08877720516358277
0.034772637266208266 0.04231982401466482 0.07709246128087308
0.003799158653846154 0.027499999999999997 0.03129915865384615
0.001968867466394175 0.007741464518345715 0.009710331984739891
0.005840126811594203 0.025 0.030840126811594204
0.004036458333333333 0.0022826867816091953 0.006319145114942528
0.04145930423073914 0.04713818170448951 0.08859748593522865
0.0035546618620972367 0.007490381799568953 0.01104504366166619
0.038153387932730334 0.011906409609638787 0.05005979754236912
0.049999999999999996 0.024999999999999998 0.07499999999999998
0.0401696278743312 0.04537013757549919 0.08553976544983038
0.037777406654653234 0.04604235252834659 0.08381975918299983
0.0023655890804597708 0.00887090050727459 0.01123648958773436
0.004512026515151516 0.008164934012147745 0.01267696052729926
0.010148390615518744 0.04067754142675778 0.05082593204227653
0.040980069976433914 0.04544905883822906 0.08642912881466298
0.017217225967067696 0.04521570767861268 0.06243293364568037
0.024676842054365013 0.031374880003874644 0.056051722058239654
0.003664711188197926 0.042500000000000024 0.046164711188197954
0.0037575950091575092 0.027499999999999997 0.03125759500915751
0.02886845400930704 0.03741766553285385 0.06628611954216089
0.0030610119047619045 0.007793992771140183 0.01085500467590209
0.05 0.025 0.07500000000000001
0.012441776185298488 0.03692594033995725 0.049367716525255734
0.0033065285759897823 0.006917572338921431 0.010224100914911213
0.045070311384181494 0.04840016842201081 0.0934704798061923
0.002709308666342882 0.006643061286538128 0.00935236995288101
0.040186986608454635 0.04823572380985019 0.08842271041830482
0.010248717869022867 0.042026949431447205 0.05227566730047007
0.04104449018175252 0.04712078233702372 0.08816527251877623
0.0475 0.027499999999999997 0.075
0.04490729166666666 0.007436459162288814 0.05234375082895547
0.0036212356314294647 0.04166666666666669 0.04528790229809616
0.00507288804945055 0.027499999999999997 0.03257288804945054
0.04313142561927934 0.04683308419743435 0.0899645098167137
0.03923759524586824 0.04643931727947312 0.08567691252534136
0.035084238207012314 0.01016754248842663 0.04525178069543894
0.040347828838638244 0.04652529916785046 0.08687312800648872
0.03163406485836851 0.03939131280875422 0.07102537766712273
0.004318704212454212 0.006916031905943074 0.011234736118397285
0.0028215313684152557 0.037264814782387294 0.040086346150802546
0.010539971973827793 0.04109290499262206 0.05163287696644985
0.008211431681817422 0.038886899257390056 0.047098330939207476
0.04557311535673863 0.007450543669033581 0.053023659025772205
0.04197923613588765 0.04768750000000027 0.08966673613588792
0.04141924847013736 0.04742867036793449 0.08884791883807186
0.002636304003649667 0.010604549553451113 0.013240853557100779
0.011959278705859404 0.0420212765957447 0.0539805553016041
0.03855435882124369 0.045450251280926564 0.08400461010217025
0.03970956525846738 0.046215786185721835 0.08592535144418921
0.0034047959965758877 0.007354826687022217 0.010759622683598105
0.04206862864825208 0.04648928296161368 0.08855791160986577
0.004822916666666667 0.003586566091954023 0.00840948275862069
0.0032119103208812253 0.007603368175092409 0.010815278495973635
0.0035274465513071133 0.007384376741095894 0.010911823292403007
0.00200161981870284 0.026923076923076918 0.02892469674177976
0.040862051721123525 0.04675967088362157 0.08762172260474509
0.0023294268818698596 0.04308988601603709 0.045419312897906954
0.029186197498512968 0.03556742515795565 0.06475362265646861
0.03134508679256087 0.014852319263299085 0.04619740605585996
0.004460580849851103 0.007905248275592015 0.012365829125443118
0.0023985119047619046 0.007748031755881618 0.010146543660643523
0.003577880452880453 0.027499999999999997 0.03107788045288045
0.01980819493861474 0.04555936879960311 0.06536756373821785
0.0362693290008274 0.04407862026581255 0.08034794926663995
0.04561188533542998 0.008241025203862083 0.053852910539292066
0.04564556464947089 0.014456902683149298 0.06010246733262019
0.045700722346230155 0.008403823907731029 0.05410454625396118
0.0475 0.02310779563189184 0.07060779563189183
0.037213566040873704 0.04693601567678991 0.08414958171766361
0.0034663254310344825 0.027499999999999997 0.030966325431034482
0.03647217739015119 0.04703112231484677 0.08350329970499797
0.002952130132765591 0.00790326044106286 0.010855390573828453
0.03715480715642271 0.04671909366080358 0.08387390081722629
0.003155803571428571 0.008416873697045487 0.011572677268474059
0.039825804920056294 0.04743097180756228 0.08725677672761858
0.025937697219339837 0.029713733851181968 0.055651431070521805
0.003456134113003022 0.008116793237813044 0.011572927350816066
0.003491608397190294 0.007501916463318485 0.01099352486050878
0.03679411021211567 0.04459499247551716 0.08138910268763283
0.018934091828191578 0.0407891609138818 0.05972325274207338
0.021565041836978657 0.04011786492085334 0.061682906757831994
0.015905074097838895 0.03349366952883893 0.04939874362667782
0.002822712211219964 0.036608311099004136 0.0394310233102241
0.04562037553736772 0.008617781639707982 0.054238157177075697
0.009254809168488089 0.04060171761096886 0.04985652677945695
0.045825148809523805 0.007172545665121967 0.05299769447464577
0.020228767228109935 0.04524999999999995 0.06547876722810989
0.002577991131371764 0.0402884682456988 0.042866459377070565
0.038682785005465584 0.047261671578773666 0.08594445658423926
0.0022750696014798657 0.02118710110610386 0.023462170707583725
0.0020793526031465405 0.04396601222907178 0.04604536483221832
0.003073065476190476 0.00771880539758186 0.010791870873772336
0.038405722771269836 0.04451032469807372 0.08291604746934356
0.02353776432298739 0.041873189172616926 0.06541095349560432
0.04545193217899282 0.007419888100666586 0.05287182027965941
0.019418968029542294 0.043881977997643234 0.06330094602718553
0.042816349148259165 0.04538660713750477 0.08820295628576393
0.03975014181256966 0.04393943279063094 0.08368957460320062
0.0032267586810670696 0.006930221094790473 0.010156979775857543
0.002657653690125356 0.04411764705882354 0.046775300748948895
0.004574696490744798 0.01623893372667875 0.020813630217423548
0.002901629620379621 0.008635278353379398 0.01153690797375902
0.002334406733499476 0.007868853227143244 0.010203259960642719
0.038461538461538464 0.026923076923076918 0.06538461538461537
0.028143979002773475 0.046374648268398176 0.07451862727117164
0.0013158783164365013 0.009610987897356522 0.010926866213793024
0.0030663345157502502 0.0017688040828652892 0.004835138598615539
0.00019643908948480392 0.0006179862817998795 0.0008144253712846835
0.001866528124826476 0.0013084498987532083 0.0031749780235796844
0.00454988732165316 0.03989011751561733 0.04444000483727049
0.015891808492806088 0.04517764522891835 0.06106945372172445
0.029075331418256026 0.038530954513193834 0.06760628593144986
0.033689658919668006 0.0437590875868534 0.07744874650652141
0.013818626936696292 0.04740566037735841 0.0612242873140547
0.0475 0.008246842673101088 0.05574684267310108
0.037797589266795155 0.045628084229968155 0.08342567349676332
0.03705509059319798 0.043940417584100305 0.08099550817729828
0.0475 0.009557857201009774 0.057057857201009775
0.039423736037067766 0.04664404069851243 0.08606777673558019
0.008307168802695521 0.0322957317328681 0.040602900535563625
